58 151 0
52 164 0
51 166 0
51 166 0
57 163 0
55 168 0
61 157 0
51 150 0
61 154 0
58 165 0
58 155 0
60 162 0
57 156 0
53 154 0
63 168 0
51 153 0
50 159 0
53 161 0
58 161 0
54 154 0
59 159 0
52 151 0
60 150 0
58 166 0
56 154 0
54 159 0
62 150 0
57 156 0
54 161 0
57 160 0
60 161 0
56 167 0
58 152 0
50 167 0
54 161 0
56 153 0
62 155 0
62 166 0
62 159 0
53 167 0
58 159 0
61 167 0
63 164 0
59 153 0
60 164 0
51 151 0
61 160 0
57 161 0
63 166 0
50 151 0
70 178 1
69 175 1
69 177 1
75 174 1
66 179 1
74 170 1
69 173 1
73 179 1
66 179 1
78 172 1
79 174 1
74 175 1
75 178 1
75 177 1
78 179 1
68 170 1
69 172 1
75 171 1
79 173 1
68 170 1
77 172 1
71 174 1
75 172 1
74 174 1
76 173 1
65 179 1
69 175 1
71 174 1
71 174 1
71 178 1
69 172 1
67 176 1
73 175 1
75 170 1
68 176 1
72 174 1
73 173 1
72 178 1
68 176 1
77 173 1
74 178 1
66 174 1
78 176 1
74 175 1
71 174 1
65 176 1
69 172 1
69 173 1
70 177 1
70 176 1
